$ANSIBLE_VAULT;1.1;AES256
65353964323261613332633134653135633333613135656639323066376666373338303933366632
3638376132643263386431316339356361643562333334390a666431303931383861633765613135
31336539386431383565373430326164366430373630613430643939366366653635346265633631
3238383134373232320a376435393431303531653561623238313434356430306435323262303430
33313037363261633764363263386433303965303663346138643061333032613966663066633232
31386566383432363337663232666236393337623933303331313435656632646662373135376365
34376438653664323535333531363337336536323363316533646137666533346634303065386336
33313563323535626138653261326133303932326232306461626337633163353231663237646531
65316134393263373833356236663965633466333036336337623631373161323931356537313263
38366363376166373263303535633638636139303237623637343763336265656235653663346331
61326236323232646630653830323037666463393434386435373434373237633739353363386431
66633463353730303032376639333965363138343733643839613534383433663739373235373037
30656535316263646465633338323430646265666331633263653062663036303561323562303863
34666639613462616364393462383331363831386261636631343231303033373433333262333337
63303764643436363132366262623964376534336534383938363838313638663037396238333935
65643837363861336430383765666538376364323266376539383864393737626232386634626165
30366635643535643632303139353566613939393364316333643838356137373966623461646238
33373534396236363663363831376532333430323936633934353561306534353261366163333830
35633862386136343339353134313533623562383965333337386135396439346532616664643138
31313165666665366665343832333830386164646531626131663763656134633539303462386235
32376233643161376566616236326530393936656539663037313061626233396637396131326665
32653538303961663839373165633237376631393432323962376136616337353533383438353566
63373835376635646535396265373731656336393266383134633131316639306165383566383539
33643863623730633337323764653432663836376637646530393432366630323336656164646239
32643736623166653166383234353361353530663632343262633835323730393635343565343237
66396436336666336632336436653731613739613963393066373261663133633764386361303965
38303934616362616238383564613934323238326437303738393562386532346437653838383362
31646633396161666166323264653830323837316561353038336139343435353638343839633835
33663066346636323034646635313663393335333163336563356638623831393363643139316538
62643433306564306361343632303163343237613130306136623639623230303665333764656639
37306639643437353030656630633739663161343732623363373330326435613734386635393762
64376564613838653265633133646137353935313061656331653861653163643062643338616335
35623438613736643335383137393965626630623663313662303566363536333337343033613364
38303062383539326139353733666465393162333032393663363636633439623966346438356436
39653833363630323163373136663163653332636534323733303463353931323731383233303363
37663764383230323139386630613831663764626434306566363830386561363338343864326638
62386366373035373030386536326437386130613135623138323565383339363438656661393761
38333265643962653136373936393132626138613265333233356539373066643134656163366532
65623465356239633262353631623033343538623662303939663431383036353363663766386165
66343939613237656337623339623266313763356438373239366635393465353562316165613235
31323866363134653932656439393632666533316237633432393865326663396632316633333661
39343734316635313333646661636635326366383836653933343161646433383530623163386162
30643631383766316661643837633665626337363634616234313330336336303332656263323534
34663838326362366265623030383765363531346634636464356362366261343764646565656662
32663161626566326132313333646261323565653864333266653231366365323764313139303733
36393132333130653265333535333137653834623838396539633764323630376663363364333131
35303138333461343839396563336136303934646337646531666131623962396661353830373136
65323632333931323338313833343265356234303236633562363137616165313563623234393332
66623337616433633733626436356634626666303864386236633936313037366163393433646362
65313163343437336633333535393765623137353737393932343630393962326331356336343235
64363031393131633738616530393866363837356163323866663231613766633961616661653665
64383164643838366535373765336162633661373066313562366334356363383164353961373238
36346163386564306265383761376237646637303732333865373039373833333962616266623432
66333433333931643438613133613864303739653266663265316365616333653337316232623064
66393165613164306438386339626539663633653232353365396264633631343637613139313833
66336131333335633565656264616130663735613062363664633066326139303462663037306231
36616138623931613134363836353466373737633937653963386365313637333539363465303334
64666434393438366264373262353033633661333030616236356538316461316334323431356363
30393639393236616464643035376235646534323737333666346330663236656336316634343665
35313131613463613530633733363236396137396265396166303133623437323166643935633261
35623562623763636138383438326134316531306539373363636535343161653830303563353661
64393337353237326439613336333963643738663834356339396237646564323634663831343833
35323663316233303134313461383930326238323438316363616333633166383839636435653235
34666631626634646436343764306261643563313136663839396633366532366263623762633963
32616431663835626434616439326339323334633466646231636435323633666365323762383064
37646638303666343633353831626434636263393463343234323334636565383134336566363936
65316264366438303233346538393632303762633562363061376363323539363739643734393238
62633131393230383562636330656430376337613365613963613665666630303438393935386137
32613363633438303364346262303532653930633533313634363465336635643564656235636464
31306166356461646662663362393539323262653763373730363536643936643832656466306665
38303432633263633732623537623834336565623663623931323162626135386663653262316364
39326431333937343965386332346532353261323264633039303534393966303239333631383162
37316561303164666233343638333766396536626133343637376265613039373939653030383665
61393764666561363335623430313737396232366165663933373132616362343438626430633764
37653638663839326465643031383064393432363137326331383437323634393539663030353839
31613862326333623062323130646439633031613163666462373663646664383562313034356234
34353666363035653263666638373364366138343261653063623435373833613030626562313636
39366335613636376561303838303531383439646539303039643836333233326466346263343034
34393737363262356665356437653438646465393332353430666238623132626231336634643038
63303931383539643662316333323036366165613965653433306235666531653766633761303565
64386562646435633537383732373061353732346232343730626261633134373336326434643939
34353635626331386565326463643535343833343032333037616664303335656565393633393933
32313266656234393138666661646235323231373339343738643535613632323432666332343132
63626534313637396138363430656430613363616637343765313162323437303139656130613630
65326136343630376464336535393833663338313165303065303233336565656138656135646634
36323634333037613034653366643237616166333763666134643334623961316238383034316364
34353263343665626162653162323964663138383731383433643365386564653365373861393538
35373639623864636239633837363738393564383166343163363835346364373761636536356163
64336564373764623762323437633565643734666537313364663134303136306364656334323337
35663432313135343832653735646130393333316334633833643063313166646535646631303836
38333636623264313962333536653136633739616534646563636465653437626535306132326336
66636130373332323330333166633635306663343934653563613963373962386262393065656331
33643531343239393230613136623536303964333139613661343430343037316238303239323132
34333730613635633663306138313837316536356361663237646261313363383939636431626436
65623937373334613762313062643433346432353031393037353335633930316663333066306336
35316234653564333164366139343038323632633366363932646435306638653734626461383635
36376336366236613339623063393236316564343633353462303634393961376531343661326638
66336533623262623033393630343266373136306464306338316266663961636563303138333930
35666533633863323936363464333439343936656139343664326330363038353730323064666463
38393764386437373465
